8.94579e-13 2.15509e-11 3.29537e-10 3.19844e-09 1.97045e-08 7.70524e-08 1.9125e-07 3.01306e-07 3.01306e-07 1.9125e-07 7.70524e-08 1.97045e-08 3.19844e-09 3.29537e-10 2.15509e-11 8.94579e-13
2.15509e-11 5.19172e-10 7.93874e-09 7.70524e-08 4.74696e-07 1.85626e-06 4.6074e-06 7.2588e-06 7.2588e-06 4.6074e-06 1.85626e-06 4.74696e-07 7.70524e-08 7.93874e-09 5.19172e-10 2.15509e-11
3.29537e-10 7.93874e-09 1.21393e-07 1.17823e-06 7.2588e-06 2.83854e-05 7.04562e-05 0.000111002 0.000111002 7.04562e-05 2.83854e-05 7.2588e-06 1.17823e-06 1.21393e-07 7.93874e-09 3.29537e-10
3.19844e-09 7.70524e-08 1.17823e-06 1.1436e-05 7.04562e-05 0.000275527 0.000683915 0.00107752 0.00107752 0.000683915 0.000275527 7.04562e-05 1.1436e-05 1.17823e-06 7.70524e-08 3.19844e-09
1.97045e-08 4.74696e-07 7.2588e-06 7.04562e-05 0.000434092 0.00169766 0.00421418 0.00663976 0.00663976 0.00421418 0.00169766 0.000434092 7.04562e-05 7.2588e-06 4.74696e-07 1.97045e-08
7.70524e-08 1.85626e-06 2.83854e-05 0.000275527 0.00169766 0.00663976 0.0164835 0.0259722 0.0259722 0.0164835 0.00663976 0.00169766 0.000275527 2.83854e-05 1.85626e-06 7.70524e-08
1.9125e-07 4.6074e-06 7.04562e-05 0.000683915 0.00421418 0.0164835 0.040924 0.0644851 0.0644851 0.040924 0.0164835 0.00421418 0.000683915 7.04562e-05 4.6074e-06 1.9125e-07
3.01306e-07 7.2588e-06 0.000111002 0.00107752 0.00663976 0.0259722 0.0644851 0.101614 0.101614 0.0644851 0.0259722 0.00663976 0.00107752 0.000111002 7.2588e-06 3.01306e-07
3.88712e-08 1.64108e-06 4.13207e-05 0.000617631 0.00544844 0.0281726 0.0847638 0.147368 0.147368 0.0847638 0.0281726 0.00544844 0.000617631 4.13207e-05 1.64108e-06 3.88712e-08
1.24469e-08 5.67696e-07 1.56632e-05 0.000260304 0.00259291 0.0153802 0.0530647 0.101039 0.101039 0.0530647 0.0153802 0.00259291 0.000260304 1.56632e-05 5.67696e-07 1.24469e-08
2.87476e-09 1.33018e-07 3.73622e-06 6.34581e-05 0.000649478 0.00398582 0.0142525 0.0277816 0.0277816 0.0142525 0.00398582 0.000649478 6.34581e-05 3.73622e-06 1.33018e-07 2.87476e-09
4.25797e-10 1.95394e-08 5.42965e-07 9.08838e-06 9.09777e-05 0.000539377 0.0018495 0.00349985 0.00349985 0.0018495 0.000539377 9.09777e-05 9.08838e-06 5.42965e-07 1.95394e-08 4.25797e-10
3.90371e-11 1.7585e-09 4.77576e-08 7.77058e-07 7.50252e-06 4.24285e-05 0.000137957 0.000251435 0.000251435 0.000137957 4.24285e-05 7.50252e-06 7.77058e-07 4.77576e-08 1.7585e-09 3.90371e-11
2.18789e-12 9.63642e-11 2.5476e-09 4.01764e-08 3.74482e-07 2.03831e-06 6.38786e-06 1.13635e-05 1.13635e-05 6.38786e-06 2.03831e-06 3.74482e-07 4.01764e-08 2.5476e-09 9.63642e-11 2.18789e-12
7.46421e-14 3.21295e-12 8.27175e-11 1.26659e-09 1.14465e-08 6.04751e-08 1.8489e-07 3.24162e-07 3.24162e-07 1.8489e-07 6.04751e-08 1.14465e-08 1.26659e-09 8.27175e-11 3.21295e-12 7.46421e-14
1.54789e-15 6.52118e-14 1.63896e-12 2.4457e-11 2.15362e-10 1.11118e-09 3.33514e-09 5.78807e-09 5.78807e-09 3.33514e-09 1.11118e-09 2.15362e-10 2.4457e-11 1.63896e-12 6.52118e-14 1.54789e-15
