1.06987e-13 3.54292e-12 7.11615e-11 8.66925e-10 6.40575e-09 2.87086e-08 7.80381e-08 1.28663e-07 1.28663e-07 7.80381e-08 2.87086e-08 6.40575e-09 8.66925e-10 7.11615e-11 3.54292e-12 1.06987e-13
3.54292e-12 1.17325e-10 2.35655e-09 2.87086e-08 2.12129e-07 9.50698e-07 2.58427e-06 4.26073e-06 4.26073e-06 2.58427e-06 9.50698e-07 2.12129e-07 2.87086e-08 2.35655e-09 1.17325e-10 3.54292e-12
7.11615e-11 2.35655e-09 4.73325e-08 5.76628e-07 4.26073e-06 1.90953e-05 5.19064e-05 8.55791e-05 8.55791e-05 5.19064e-05 1.90953e-05 4.26073e-06 5.76628e-07 4.73325e-08 2.35655e-09 7.11615e-11
8.66925e-10 2.87086e-08 5.76628e-07 7.02476e-06 5.19064e-05 0.000232628 0.000632349 0.00104257 0.00104257 0.000632349 0.000232628 5.19064e-05 7.02476e-06 5.76628e-07 2.87086e-08 8.66925e-10
6.40575e-09 2.12129e-07 4.26073e-06 5.19064e-05 0.000383539 0.0017189 0.00467246 0.00770359 0.00770359 0.00467246 0.0017189 0.000383539 5.19064e-05 4.26073e-06 2.12129e-07 6.40575e-09
2.87086e-08 9.50698e-07 1.90953e-05 0.000232628 0.0017189 0.00770359 0.0209405 0.0345251 0.0345251 0.0209405 0.00770359 0.0017189 0.000232628 1.90953e-05 9.50698e-07 2.87086e-08
7.80381e-08 2.58427e-06 5.19064e-05 0.000632349 0.00467246 0.0209405 0.0569222 0.0938489 0.0938489 0.0569222 0.0209405 0.00467246 0.000632349 5.19064e-05 2.58427e-06 7.80381e-08
1.28663e-07 4.26073e-06 8.55791e-05 0.00104257 0.00770359 0.0345251 0.0938489 0.154731 0.154731 0.0938489 0.0345251 0.00770359 0.00104257 8.55791e-05 4.26073e-06 1.28663e-07
7.36056e-08 1.64092e-06 2.92607e-05 0.00033861 0.00254278 0.0124279 0.0397215 0.0836437 0.117414 0.111918 0.0745427 0.036205 0.0135884 0.00421209 0.0011437 0.000282297
3.98043e-08 8.70664e-07 1.60253e-05 0.000191201 0.00147688 0.00741221 0.024317 0.0525942 0.0758534 0.0740567 0.0499397 0.0238901 0.00838622 0.00224622 0.000477581 8.34352e-05
1.74453e-08 3.94666e-07 7.46478e-06 9.02939e-05 0.000697625 0.00345861 0.0110931 0.0232775 0.0323863 0.0303227 0.0194199 0.00866999 0.00276119 0.00064513 0.000114179 1.58264e-05
4.68157e-09 1.12214e-07 2.15136e-06 2.61305e-05 0.000200937 0.000982975 0.00308635 0.00629723 0.0084738 0.00763906 0.00468555 0.00198618 0.000592065 0.00012677 2.00079e-05 2.39793e-06
7.53833e-10 1.89454e-08 3.65049e-07 4.43778e-06 3.40253e-05 0.000165308 0.000513407 0.00103213 0.00136349 0.0012025 0.000718621 0.00029499 8.43389e-05 1.70746e-05 2.49998e-06 2.71676e-07
7.40488e-11 1.92585e-09 3.71163e-08 4.51082e-07 3.45639e-06 1.6773e-05 5.19903e-05 0.000104191 0.000136979 0.000119935 7.09009e-05 2.86337e-05 7.98936e-06 1.56071e-06 2.17229e-07 2.20372e-08
4.52986e-12 1.20624e-10 2.3179e-09 2.81486e-08 2.16012e-07 1.05199e-06 3.27788e-06 6.60975e-06 8.74227e-06 7.68742e-06 4.54775e-06 1.82779e-06 5.03672e-07 9.62137e-08 1.29333e-08 1.24827e-09
1.76459e-13 4.77145e-12 9.12141e-11 1.10668e-09 8.5216e-09 4.18113e-08 1.31705e-07 2.69102e-07 3.60842e-07 3.21156e-07 1.91549e-07 7.71663e-08 2.11569e-08 3.98542e-09 5.22719e-10 4.86111e-11
